2.1999 4.5112
1.6416 4.0541
3.8901 1.9467
5.7114 3.9195
2.4256 3.9018
1.7809 4.1043
5.6171 4.5170
3.8944 1.3344
6.0468 3.7636
5.7381 3.5677
2.8545 3.8970
2.2481 4.5079
1.3278 3.7706
1.9947 3.7679
3.8895 2.5106
2.1302 3.5524
5.8679 3.8000
5.0204 4.1893
1.3930 4.0039
5.8009 3.5525
6.4233 4.2487
3.5884 2.0972
3.5915 1.8393
2.0427 4.7393
5.7308 3.9403
3.7186 2.1124
2.4735 3.9938
4.1047 2.4854
1.7378 4.1257
4.0414 1.6769
6.3246 4.2545
2.6034 3.2220
5.9856 3.9301
5.1965 4.4336
1.4362 4.7080
4.7454 1.7910
3.7835 1.4666
1.9257 4.0036
5.9918 4.1116
5.9809 4.1517
6.1764 4.5124
6.5240 4.1308
3.9002 2.1586
1.9444 3.5346
4.3960 2.0876
4.4291 1.7152
2.0285 4.1266
3.4918 1.3346
5.2998 4.2789
6.3348 3.7111
1.8900 4.8850
5.6975 3.9643
6.3231 4.0165
4.2722 1.0542
4.0695 1.9536
3.6235 1.5302
3.9955 1.9997
2.2145 3.7134
3.4974 1.8611
4.1942 1.9980
